147,5
147,4
147,3
147,2
147,1
147,0
146,7
146,6
146,5
146,4
146,3
146,2
146,1
146,0
145,3
145,2
145,1
145,0
144,5
144,4
144,3
144,2
144,1
144,0
143,3
143,2
143,1
143,0
142,4
142,3
142,2
142,1
142,0
141,4
141,3
141,2
141,1
141,0
140,5
140,4
140,3
140,2
140,1
140,0
139,4
139,3
139,2
139,1
139,0
138,5
138,4
138,3
138,2
138,1
138,0
137,4
137,3
137,2
137,1
137,0
136,7
136,6
136,5
136,4
136,3
136,2
136,1
136,0
135,4
135,3
135,2
135,1
135,0
134,5
134,4
134,3
134,2
134,1
134,0
0,55
133,4
133,3
133,2
133,1
133,0
132,4
132,3
132,2
132,1
132,0
131,4
131,3
131,2
131,1
131,0
130,4
130,3
130,2
130,1
130,0
129,5
129,4
129,3
129,2
129,1
129,0
128,7
128,6
128,5
128,4
128,3
128,2
128,1
128,0
127,5
127,4
127,3
127,2
127,1
127,0
126,5
126,4
126,3
126,2
126,1
126,0
125,5
125,4
125,3
125,2
125,1
125,0
124,6
124,5
124,4
124,3
124,2
124,1
124,0
123,6
123,5
123,4
123,3
123,2
123,1
123,0
122,6
122,5
122,4
122,3
122,2
122,1
122,0
121,5
121,4
121,3
121,2
121,1
121,0
120,5
120,4
120,3
120,2
120,1
120,0
119,5
119,4
119,3
119,2
119,1
119,0
118,5
118,4
118,3
118,2
118,1
118,0
117,10
117,9
117,8
117,7
117,6
117,5
117,4
117,3
117,2
117,1
117,0
116,7
116,6
116,5
116,4
116,3
116,2
116,1
116,0
115,243
115,242
115,241
115,240
115,239
115,238
115,237
115,236
115,235
115,234
115,233
115,232
115,231
115,230
115,229
115,228
115,227
115,226
115,225
115,224
115,223
115,222
115,221
115,220
115,219
115,218
115,217
115,216
115,215
115,214
115,213
115,212
115,211
115,210
115,209
115,208
115,207
115,206
115,205
115,204
115,203
115,202
115,201
115,200
115,199
115,198
115,197
115,196
115,195
115,194
115,193
115,192
115,191
115,190
115,189
115,188
115,187
115,186
115,185
115,184
115,183
115,182
115,181
115,180
115,179
115,178
115,177
115,176
115,175
115,174
115,173
115,172
115,171
115,170
115,169
115,168
115,167
115,166
115,165
115,164
115,163
115,162
115,161
115,160
115,159
115,158
115,157
115,156
115,155
115,154
115,153
115,152
115,151
115,150
115,149
115,148
115,147
115,146
115,145
115,144
115,143
115,142
115,141
115,140
115,139
115,138
115,137
115,136
115,135
115,134
115,133
115,132
115,131
115,130
115,129
115,128
115,127
115,126
115,125
115,124
115,123
115,122
115,121
115,120
115,119
115,118
115,117
115,116
115,115
115,114
115,39
115,38
115,113
115,112
115,111
115,110
115,109
115,108
115,107
115,106
115,105
115,104
115,103
115,102
115,101
115,100
115,99
115,98
115,97
115,96
115,95
115,94
115,93
115,92
115,91
115,90
115,89
115,88
115,87
115,86
115,85
115,84
115,83
115,82
115,81
115,80
115,79
115,78
115,77
115,76
115,75
115,74
115,73
115,72
115,71
115,70
115,69
115,68
115,67
115,66
115,65
115,64
115,37
115,36
115,35
115,34
115,33
115,32
115,31
115,30
115,29
115,28
115,27
115,26
115,25
115,24
115,23
115,22
115,21
115,20
115,19
115,18
115,17
115,16
115,15
115,14
115,13
115,12
115,11
115,10
115,9
115,8
115,7
115,6
115,5
115,4
115,3
115,2
115,1
115,0
114,4
114,3
114,2
114,1
114,0
113,9
113,8
113,7
113,6
113,5
113,4
113,3
113,2
113,1
113,0
112,5
112,4
112,3
112,2
112,1
112,0
111,5
111,4
111,3
111,2
111,1
111,0
110,4
110,3
110,2
110,1
110,0
109,4
109,3
109,2
109,1
109,0
108,10
108,9
108,8
108,7
108,6
108,5
108,4
108,3
108,2
108,1
108,0
107,5
107,4
107,3
107,2
107,1
107,0
0,54
106,7
106,6
106,5
106,4
106,3
106,2
106,1
106,0
105,3
105,2
105,1
105,0
104,5
104,4
104,3
104,2
104,1
104,0
103,3
103,2
103,1
103,0
102,4
102,3
102,2
102,1
102,0
101,4
101,3
101,2
101,1
101,0
100,5
100,4
100,3
100,2
100,1
100,0
99,4
99,3
99,2
99,1
99,0
98,5
98,4
98,3
98,2
98,1
98,0
97,4
97,3
97,2
97,1
97,0
96,7
96,6
96,5
96,4
96,3
96,2
96,1
96,0
95,4
95,3
95,2
95,1
95,0
94,5
94,4
94,3
94,2
94,1
94,0
93,4
93,3
93,2
93,1
93,0
92,4
92,3
92,2
92,1
92,0
91,3
91,2
91,1
91,0
90,4
90,3
90,2
90,1
90,0
89,9
89,8
89,7
89,6
89,5
89,4
89,3
89,2
89,1
89,0
88,4
88,3
88,2
88,1
88,0
87,4
87,3
87,2
87,1
87,0
86,5
86,4
86,3
86,2
86,1
86,0
85,6
85,5
85,4
85,3
85,2
85,1
85,0
5,8
84,7
84,6
84,5
84,4
84,3
84,2
84,1
84,0
83,5
83,4
83,3
83,2
83,1
83,0
82,5
82,4
82,3
82,2
82,1
82,0
81,7
81,6
81,5
81,4
81,3
81,2
81,1
81,0
80,5
80,4
80,3
80,2
80,1
80,0
79,10
79,9
79,8
79,7
79,6
79,5
79,4
79,3
79,2
79,1
79,0
78,5
78,4
78,3
78,2
78,1
78,0
77,5
77,4
77,3
77,2
77,1
77,0
76,3
76,2
76,1
76,0
5,7
75,6
75,5
75,4
75,3
75,2
75,1
75,0
74,7
74,5
74,4
74,3
74,2
74,1
74,0
73,6
73,5
73,4
73,3
73,2
73,1
73,0
72,5
72,4
72,3
72,2
72,1
72,0
71,5
71,4
71,3
71,2
71,1
71,0
70,4
70,3
70,2
70,1
70,0
69,5
69,4
69,3
69,2
69,1
69,0
68,5
68,4
68,3
68,2
68,1
68,0
67,11
67,9
67,8
67,7
67,6
67,5
67,4
67,3
67,2
67,1
67,0
66,7
66,6
66,5
66,4
66,3
66,2
66,1
66,0
65,39
65,242
65,241
65,240
65,239
65,238
65,237
65,236
65,235
65,234
65,233
65,232
65,231
65,230
65,229
65,228
65,227
65,226
65,225
65,224
65,223
65,222
65,221
65,220
65,219
65,218
65,217
65,216
65,215
65,214
65,213
65,212
65,211
65,210
65,209
65,208
65,207
65,206
65,205
65,204
65,203
65,202
65,201
65,200
65,199
65,198
65,197
65,196
65,195
65,194
65,193
65,192
65,191
65,190
65,189
65,188
65,187
65,186
65,185
65,184
65,183
65,182
65,181
65,180
65,179
65,178
65,177
65,176
65,175
65,174
65,173
65,172
65,171
65,170
65,169
65,168
65,167
65,166
65,165
65,164
65,163
65,162
65,161
65,160
65,159
65,158
65,157
65,156
65,155
65,154
65,153
65,152
65,151
65,150
65,149
65,148
65,147
65,146
65,145
65,144
65,143
65,142
65,141
65,140
65,139
65,138
65,137
65,136
65,135
65,134
65,133
65,132
65,131
65,130
65,129
65,128
65,127
65,126
65,125
65,124
65,123
65,122
65,121
65,120
65,119
65,118
65,117
65,116
65,115
65,114
65,113
65,112
65,111
65,110
65,109
65,108
65,107
65,106
65,105
65,104
65,103
65,102
65,101
65,100
65,99
65,98
65,97
65,96
65,95
65,94
65,93
65,92
65,91
65,90
65,89
65,88
65,87
65,86
65,85
65,84
65,83
65,82
65,81
65,80
65,79
65,78
65,77
65,76
65,75
65,74
65,73
65,72
65,71
65,70
65,69
65,68
65,67
65,66
65,65
65,64
65,38
65,37
65,36
65,35
65,34
65,33
65,32
65,31
65,30
65,29
65,28
65,27
65,26
65,25
65,24
65,23
65,22
65,21
65,20
65,19
65,18
65,17
65,16
65,15
65,14
65,13
65,12
65,11
65,10
65,9
65,8
65,7
65,6
65,5
65,4
65,3
65,2
65,1
65,0
64,4
64,3
64,2
64,1
64,0
63,9
63,8
63,7
63,6
63,5
63,4
63,3
63,2
63,1
63,0
62,5
62,4
62,3
62,2
62,1
62,0
61,5
61,4
61,3
61,2
61,1
61,0
60,4
60,3
60,2
60,1
60,0
59,4
59,3
59,2
59,1
59,0
58,10
58,9
58,8
58,7
58,6
58,5
58,4
58,3
58,2
58,1
58,0
57,3
57,2
57,1
57,0
56,3
56,2
56,1
56,0
55,3
55,2
55,1
55,0
54,3
54,2
54,1
54,0
53,3
53,2
53,1
53,0
52,3
52,2
52,1
52,0
51,3
51,2
51,1
51,0
50,3
50,2
50,1
50,0
49,3
49,2
49,1
49,0
48,3
48,2
48,1
48,0
47,3
47,2
47,1
47,0
46,3
46,2
46,1
46,0
45,3
45,2
45,1
45,0
44,3
44,2
44,1
44,0
43,3
43,2
43,1
43,0
42,3
42,2
42,1
42,0
41,3
41,2
41,1
41,0
40,3
40,2
40,1
40,0
39,3
39,2
39,1
39,0
38,3
38,2
38,1
38,0
37,3
37,2
37,1
37,0
36,3
36,2
36,1
36,0
35,3
35,2
35,1
35,0
34,3
34,2
34,1
34,0
33,3
33,2
33,1
33,0
32,3
32,2
32,1
32,0
31,3
31,2
31,1
31,0
0,50
30,3
30,2
30,1
30,0
29,3
29,2
29,1
29,0
28,3
28,2
28,1
28,0
27,3
27,2
27,1
27,0
26,3
26,2
26,1
26,0
25,5
25,4
25,3
25,2
25,1
25,0
24,6
24,5
24,4
24,3
24,2
24,1
24,0
23,3
23,2
23,1
23,0
22,3
22,2
22,1
22,0
21,3
21,2
21,1
21,0
20,3
20,2
20,1
20,0
19,3
19,2
19,1
19,0
18,3
18,2
18,1
18,0
17,6
17,5
17,4
17,3
17,2
17,1
17,0
16,6
16,5
16,4
16,3
16,2
16,1
16,0
15,243
15,242
15,241
15,240
15,239
15,238
15,237
15,236
15,235
15,234
15,233
15,232
15,231
15,230
15,229
15,228
15,227
15,226
15,225
15,224
15,223
15,222
15,221
15,220
15,219
15,218
15,217
15,216
15,215
15,214
15,213
15,212
15,211
15,210
15,209
15,208
15,207
15,206
15,205
15,204
15,203
15,202
15,201
15,200
15,199
15,198
15,197
15,196
15,195
15,194
15,193
15,192
15,191
15,190
15,189
15,188
15,187
15,186
15,185
15,184
15,183
15,182
15,181
15,180
15,179
15,178
15,177
15,176
15,175
15,174
15,173
15,172
15,171
15,170
15,169
15,168
15,167
15,166
15,165
15,164
15,163
15,162
15,161
15,160
15,159
15,158
15,157
15,156
15,155
15,154
15,153
15,152
15,151
15,150
15,149
15,148
15,147
15,146
15,145
15,144
15,143
15,142
15,141
15,140
15,139
15,138
15,137
15,136
15,135
15,134
15,133
15,132
15,131
15,130
15,129
15,128
15,127
15,126
15,125
15,124
15,123
15,122
15,121
15,120
15,119
15,118
15,117
15,116
15,115
15,114
15,113
15,112
15,111
15,110
15,109
15,108
15,107
15,106
15,105
15,104
15,103
15,102
15,101
15,100
15,99
15,98
15,97
15,96
15,95
15,94
15,93
15,92
15,91
15,90
15,89
15,88
15,87
15,86
15,85
15,84
15,83
15,82
15,81
15,80
15,79
15,78
15,77
15,76
15,75
15,74
15,73
15,72
15,71
15,70
15,69
15,68
15,67
15,66
15,65
15,64
15,35
15,34
15,33
15,32
15,31
15,30
15,29
15,28
15,27
15,26
15,25
15,24
15,23
15,22
15,21
15,20
15,19
15,18
15,17
15,16
15,15
15,14
15,13
15,12
15,11
15,10
15,9
15,8
15,7
15,6
15,5
15,4
15,3
15,2
15,1
15,0
14,3
14,2
14,1
14,0
13,3
13,2
13,1
13,0
12,3
12,2
12,1
12,0
11,3
11,2
11,1
11,0
10,3
10,2
10,1
10,0
9,3
9,2
9,1
9,0
8,3
8,2
8,1
8,0
7,3
5,3
4,3
3,2
3,0
2,2
2,0
1,2
5,2
5,0
1,0
0,9
0,2
0,0
1,45
3,44
2,44
1,44
3,43
2,43
1,43
3,42
2,42
1,42
3,41
2,41
1,41
3,40
2,40
1,40
3,39
2,39
1,39
3,38
2,38
1,38
3,37
2,37
1,37
3,36
2,36
1,36
3,35
2,35
1,35
3,34
2,34
1,34
3,33
2,33
1,33
3,32
2,32
1,32
3,31
2,31
1,31
3,30
2,30
1,30
3,29
2,29
1,29
3,28
2,28
1,28
3,27
2,27
1,27
3,26
2,26
1,26
3,25
2,25
1,25
3,24
2,24
1,24
3,23
2,23
1,23
3,22
2,22
1,22
3,21
2,21
1,21
3,20
2,20
1,20
3,19
2,19
1,19
3,18
2,18
1,18
3,17
2,17
1,17
3,16
2,16
1,16
3,15
2,15
1,15
3,14
2,14
1,14
3,13
2,13
1,13
3,12
2,12
1,12
3,11
2,11
1,11
3,10
2,10
1,10
3,9
2,9
1,9
3,8
2,8
1,8
3,7
2,7
1,7
3,6
2,6
1,6
3,5
2,5
1,5
3,4
2,4
1,4
3,3
2,3
1,3
0,6
0,5
0,47
0,46
0,49
0,48
0,45
0,12
0,10
0,8
0,11
0,7
0,4
0,3
